Rows	21	22	23	24	25	26	27	28	29	30	31	32	33	34	35	36	37	38	39	40	41	42	43	44	45	46	47	48	49	50	51	52	53	54	55	56	57	58	59	60	61	62	63	64	65	66	67	68	69	70	71	72	73	74	75	76	77	78	79	80
btd_head	0.33	0.67	0.89	1	1	1	1	1	1	0.89	0.67	0.33	0.11	0	0	0	0	0	0	0	0	0	0	0	0	0	0	0	0	0	0	0	0	0	0	0	0	0	0	0	0	0	0	0	0	0	0	0	0	0	0	0	0	0	0	0	0	0	0	0
cnc_(+5)	0	0	0	0.11	0.33	0.67	0.89	1	1	0.89	0.67	0.33	0.11	0	0	0	0	0	0	0	0	0	0	0	0	0	0	0	0	0	0	0	0	0	0	0	0	0	0	0	0	0	0	0	0	0	0	0	0	0	0	0	0	0	0	0	0	0	0	0
D_(+4)	0	0	0	0	0	0	0	0	0	0	0	0	0	0	0	0.11	0.33	0.67	0.89	1	1	1	1	1	1	1	1	1	1	1	1	1	1	1	1	1	1	1	1	1	1	1	1	1	1	1	1	1	1	1	1	1	1	1	1	1	1	1	1	1
eve_1_ru	0	0	0	0	0	0	0.11	0.33	0.67	0.89	1	1	1	0.89	0.67	0.33	0.11	0	0	0	0	0	0	0	0	0	0	0	0	0	0	0	0	0	0	0	0	0	0	0	0	0	0	0	0	0	0	0	0	0	0	0	0	0	0	0	0	0	0	0
eve_37ext_ru	0	0	0	0	0	0	0	0	0	0	0	0	0	0	0	0	0	0	0	0	0	0	0	0	0.11	0.33	0.67	0.89	1	0.89	0.67	0.33	0.11	0	0	0	0	0	0	0	0	0	0	0	0	0	0	0	0	0	0	0	0	0	0	0	0	0	0	0
eve_stripe2	0	0	0	0	0	0	0	0	0	0	0	0	0	0	0	0.11	0.33	0.67	0.89	1	1	0.89	0.67	0.33	0.11	0	0	0	0	0	0	0	0	0	0	0	0	0	0	0	0	0	0	0	0	0	0	0	0	0	0	0	0	0	0	0	0	0	0	0
eve_stripe4_6	0	0	0	0	0	0	0	0	0	0	0	0	0	0	0	0	0	0	0	0	0	0	0	0	0	0	0	0	0	0	0	0	0	0.11	0.33	0.67	0.89	1	0.89	0.67	0.33	0.11	0	0	0	0	0	0	0.11	0.33	0.67	0.89	1	1	0.89	0.67	0.33	0.11	0	0
eve_stripe5	0	0	0	0	0	0	0	0	0	0	0	0	0	0	0	0	0	0	0	0	0	0	0	0	0	0	0	0	0	0	0	0	0	0	0	0	0	0	0	0	0	0.11	0.33	0.67	0.89	0.89	0.67	0.33	0.11	0	0	0	0	0	0	0	0	0	0	0
ftz_+3	0	0	0	0	0	0	0	0	0	0	0.11	0.33	0.67	0.89	1	1	0.89	0.67	0.33	0.11	0	0	0	0	0	0	0	0	0	0	0	0	0	0	0	0	0	0	0	0	0	0	0	0	0	0	0	0	0	0.11	0.33	0.67	0.89	0.89	0.67	0.33	0.11	0	0	0
gt_(-10)	1	1	1	0.89	0.67	0.33	0.11	0.11	0.33	0.67	0.89	1	1	1	1	0.89	0.67	0.33	0.11	0	0	0	0	0	0	0	0	0	0	0	0	0	0	0	0	0	0	0	0	0	0	0	0	0	0	0	0	0	0	0	0	0	0	0	0	0	0	0	0	0
gt_(-1)	1	1	1	1	1	1	1	1	1	1	1	1	1	1	1	1	1	0.89	0.67	0.33	0.11	0	0	0	0	0	0	0	0	0	0	0	0	0	0	0	0	0	0	0	0	0	0	0	0	0	0	0.11	0.33	0.67	0.89	1	1	1	1	1	1	1	1	0.89
gt_(-3)	0	0	0	0	0	0	0	0	0	0	0	0	0	0	0	0	0	0	0	0	0	0	0	0	0	0	0	0	0	0	0	0	0	0	0	0	0	0	0	0	0	0	0	0	0	0	0.11	0.33	0.67	0.89	1	1	1	1	1	1	1	1	1	0.89
h_15_ru	0	0	0	0.11	0.33	0.67	0.89	1	1	0.89	0.67	0.33	0.11	0	0	0	0	0	0	0	0	0	0	0	0	0	0	0	0	0	0	0	0	0	0	0	0	0	0	0.11	0.33	0.67	0.89	1	1	0.89	0.67	0.33	0.11	0	0	0	0	0	0	0	0	0	0	0
h_6_ru	0	0	0	0	0	0	0	0	0	0	0	0	0	0	0	0	0	0	0	0	0	0	0	0	0	0	0	0	0	0	0	0	0	0	0	0	0	0	0	0	0	0	0	0	0	0	0	0.11	0.33	0.67	0.89	1	1	1	0.89	0.67	0.33	0.11	0	0
hb_anterior_actv	1	1	1	1	1	1	1	1	1	1	1	1	1	1	1	1	1	1	1	1	1	1	1	1	1	1	1	0.89	0.67	0.33	0.11	0	0	0	0	0	0	0	0	0	0	0	0	0	0	0	0	0	0	0	0	0	0	0	0	0	0	0	0	0
hb_centr_&_post	0	0	0	0	0	0	0	0	0	0	0	0	0	0	0	0	0	0	0.11	0.33	0.67	0.89	1	1	1	1	1	1	0.89	0.67	0.33	0.11	0	0	0	0	0	0	0	0	0	0	0	0	0	0	0	0	0	0	0	0	0	0	0	0	0	0	0	0
h_stripe34_rev	0	0	0	0	0	0	0	0	0	0	0	0	0	0	0	0	0	0	0	0	0	0	0.11	0.33	0.67	0.89	1	0.89	0.67	0.33	0.11	0.11	0.33	0.67	0.89	0.89	0.67	0.33	0.11	0	0	0	0	0	0	0	0	0	0	0	0	0	0	0	0	0	0	0	0	0
kni_(+1)	1	1	1	1	0.89	0.67	0.33	0.11	0	0	0	0	0	0	0	0	0	0	0	0	0	0	0	0	0	0	0	0	0	0.11	0.33	0.67	0.89	1	1	1	1	1	1	1	1	1	1	1	1	1	1	1	1	1	1	1	1	1	0.89	0.67	0.33	0.11	0	0
kni_(-5)	1	1	1	1	1	1	1	0.89	0.67	0.33	0.11	0	0	0	0	0	0	0	0	0	0	0	0	0	0	0	0	0	0	0	0	0	0	0	0	0	0	0	0	0	0	0	0	0	0	0	0	0	0	0	0	0	0	0	0	0	0	0	0	0
kni_83_ru	0	0	0	0	0	0	0	0	0	0	0	0	0	0	0	0	0	0	0	0	0	0	0	0	0	0	0	0	0	0	0	0	0	0	0	0	0.11	0.33	0.67	0.89	1	1	1	1	1	1	1	1	1	0.89	0.67	0.33	0.11	0	0	0	0	0	0	0
knrl_(+8)	1	1	1	1	1	1	1	0.89	0.67	0.33	0.11	0	0	0	0	0	0	0	0	0	0	0.11	0.33	0.67	0.89	1	1	1	1	1	1	1	1	1	1	1	1	1	1	1	1	1	1	1	1	1	1	1	1	1	1	1	1	1	1	1	1	1	1	1
Kr_AD2_ru	1	1	1	1	1	0.89	0.67	0.33	0.11	0	0	0	0	0	0	0	0	0	0	0	0	0	0	0	0	0	0	0	0	0	0	0	0	0	0	0	0	0	0	0	0	0	0	0	0	0	0	0	0	0	0	0	0	0	0	0	0	0	0	0
Kr_CD1_ru	0	0	0	0	0	0	0	0	0	0	0	0	0	0	0	0	0	0	0	0	0	0.11	0.33	0.67	0.89	1	1	1	1	1	1	1	1	1	1	1	1	1	1	1	0.89	0.67	0.33	0.11	0	0	0	0	0	0	0	0	0	0	0	0	0	0	0	0
Kr_CD2_ru	0	0	0	0	0	0	0	0	0	0	0	0	0	0	0	0	0	0	0	0	0	0.11	0.33	0.67	0.89	1	1	1	1	1	1	1	1	1	1	1	0.89	0.67	0.33	0.11	0	0	0	0	0	0	0	0	0	0	0	0	0	0	0	0	0	0	0	0
nub_(-2)	0	0	0	0	0	0	0	0	0	0	0	0	0	0	0	0	0	0	0	0	0	0	0	0	0	0	0	0	0	0	0	0.11	0.33	0.67	0.89	1	1	1	0.89	0.67	0.33	0.11	0	0.11	0.33	0.67	0.89	1	1	1	1	1	1	1	0.89	0.67	0.33	0.11	0	0
oc_(+7)	1	1	1	0.89	0.67	0.33	0.11	0	0	0	0	0	0	0	0	0	0	0	0	0	0	0	0	0	0	0	0	0	0	0	0	0	0	0	0	0	0	0	0	0	0	0	0	0	0	0	0	0	0	0	0	0	0	0	0	0	0	0	0	0
oc_otd_early	1	1	1	0.89	0.67	0.33	0.11	0	0	0	0	0	0	0	0	0	0	0	0	0	0	0	0	0	0	0	0	0	0	0	0	0	0	0	0	0	0	0	0	0	0	0	0	0	0	0	0	0	0	0	0	0	0	0	0	0	0	0	0	0
odd_(-3)	0	0	0	0	0	0	0	0	0	0	0	0	0	0	0	0	0	0	0	0	0	0	0	0	0	0	0	0	0	0.11	0.33	0.67	0.89	1	1	0.89	0.67	0.33	0.11	0	0	0	0	0	0	0	0	0	0	0	0	0	0	0.11	0.33	0.67	0.89	1	0.89	0.67
odd_(-5)	0	0	0	0	0	0	0	0	0	0	0	0	0.11	0.33	0.67	0.89	1	1	0.89	0.67	0.33	0.11	0	0	0	0	0	0	0	0	0	0	0	0	0	0	0	0	0	0	0	0	0	0	0	0	0	0	0.11	0.33	0.67	0.89	1	1	1	1	1	1	0.89	0.67
pdm2_(+1)	0	0	0	0	0	0	0	0	0	0	0	0	0	0	0	0	0	0	0	0	0	0	0	0	0	0	0	0	0	0	0.11	0.33	0.67	0.89	1	1	1	1	1	1	1	1	1	1	1	1	1	1	1	1	1	1	1	1	1	0.89	0.67	0.33	0.11	0
prd_+4	0	0	0	0.11	0.33	0.67	0.89	1	1	1	1	1	1	1	1	0.89	0.67	0.33	0.11	0	0	0	0	0	0	0	0	0	0	0	0	0	0	0	0	0	0	0	0	0	0	0	0	0	0	0	0	0	0	0	0	0	0	0	0	0	0	0	0	0
run_-17	0	0	0	0	0	0	0	0	0	0	0	0	0	0	0	0	0	0	0	0	0	0	0	0	0	0	0	0	0	0	0	0	0	0	0	0	0.11	0.33	0.67	0.89	1	0.89	0.67	0.33	0.11	0	0	0	0	0	0	0	0	0	0	0	0	0	0	0
run_-9	0	0	0	0	0	0	0	0	0	0	0	0	0	0	0	0	0	0	0	0	0	0	0	0	0	0	0	0.11	0.33	0.67	0.89	1	0.89	0.67	0.33	0.11	0	0	0	0	0	0	0	0	0	0	0	0	0	0	0	0	0	0	0	0	0	0	0	0
run_stripe1	0	0	0	0	0	0	0	0	0	0.11	0.33	0.67	0.89	0.89	0.67	0.33	0.11	0	0	0	0	0	0	0	0	0	0	0	0	0	0	0	0	0	0	0	0	0	0	0	0	0	0	0	0	0	0	0	0	0	0	0	0	0	0	0	0	0	0	0
run_stripe3	0	0	0	0	0	0	0	0	0	0	0	0	0	0	0	0	0	0	0	0	0	0	0	0	0	0	0	0.11	0.33	0.67	0.89	0.89	0.67	0.33	0.11	0	0	0	0	0	0	0	0	0	0	0	0	0	0	0	0	0	0	0	0	0	0	0	0	0
run_stripe5	0	0	0	0	0	0	0	0	0	0	0	0	0	0	0	0	0	0	0	0	0	0	0	0	0	0	0	0	0	0	0	0	0	0	0	0	0	0	0	0	0	0	0	0	0.11	0.33	0.67	0.78	0.67	0.33	0.11	0	0	0	0	0	0	0	0	0
slp2_(-3)	1	1	1	1	1	1	1	1	1	1	1	0.89	0.67	0.33	0.11	0	0	0	0	0	0	0	0	0	0	0	0	0	0	0	0	0	0	0	0	0	0	0	0	0	0	0	0	0	0	0	0	0	0	0	0	0	0	0	0	0	0	0	0	0
